Calculating initial bargaining weight
Test: Vw_single[0]: -5.046351
Test: Vm_single[0]: -5.046351
idx_single_w: 451
idx_single_m: 451

Value of being single:
Vw_single: -0.562808
Vm_single: -0.562808

Assets:
A_tot: 0.207432
iAw: 1
iAm: 1
A_w: 0.103716
A_m: 0.103716

Bargaining weights:
iP: 0   idx_interp: 387950   Sw: -0.917097     Sm: -0.427145     Nash surplus: 0.391733
iP: 1   idx_interp: 390000   Sw: -0.605218     Sm: -0.428230     Nash surplus: 0.259173
iP: 2   idx_interp: 392050   Sw: -0.570559     Sm: -0.429569     Nash surplus: 0.245094
iP: 3   idx_interp: 394100   Sw: -0.548749     Sm: -0.431119     Nash surplus: 0.236576
iP: 4   idx_interp: 396150   Sw: -0.532239     Sm: -0.432916     Nash surplus: 0.230415
iP: 5   idx_interp: 398200   Sw: -0.518541     Sm: -0.435028     Nash surplus: 0.225580
iP: 6   idx_interp: 400250   Sw: -0.506474     Sm: -0.437566     Nash surplus: 0.221616
iP: 7   idx_interp: 402300   Sw: -0.495321     Sm: -0.440716     Nash surplus: 0.218296
iP: 8   idx_interp: 404350   Sw: -0.484518     Sm: -0.444830     Nash surplus: 0.215528
iP: 9   idx_interp: 406400   Sw: -0.473422     Sm: -0.450685     Nash surplus: 0.213364
iP: 10   idx_interp: 408450   Sw: -0.460738     Sm: -0.460738     Nash surplus: 0.212279
iP: 11   idx_interp: 410500   Sw: -0.450685     Sm: -0.473422     Nash surplus: 0.213364
iP: 12   idx_interp: 412550   Sw: -0.444830     Sm: -0.484518     Nash surplus: 0.215528
iP: 13   idx_interp: 414600   Sw: -0.440716     Sm: -0.495321     Nash surplus: 0.218296
iP: 14   idx_interp: 416650   Sw: -0.437566     Sm: -0.506474     Nash surplus: 0.221616
iP: 15   idx_interp: 418700   Sw: -0.435028     Sm: -0.518541     Nash surplus: 0.225580
iP: 16   idx_interp: 420750   Sw: -0.432916     Sm: -0.532239     Nash surplus: 0.230415
iP: 17   idx_interp: 422800   Sw: -0.431119     Sm: -0.548749     Nash surplus: 0.236576
iP: 18   idx_interp: 424850   Sw: -0.429569     Sm: -0.570559     Nash surplus: 0.245094
iP: 19   idx_interp: 426900   Sw: -0.428230     Sm: -0.605218     Nash surplus: 0.259173
iP: 20   idx_interp: 428950   Sw: -0.427145     Sm: -0.917097     Nash surplus: 0.391733

Max nash surplus: 0.000000
Max idx: -1
